Q matrix
From state0:  -1.00  47.34  -1.00  -1.00  -1.00  53.73  -1.00  -1.00  -1.00  -1.00  -1.00  -1.00  -1.00  -1.00  -1.00  -1.00  -1.00  -1.00  -1.00  -1.00  -1.00  -1.00  -1.00  -1.00  -1.00 
From state1:  48.36  -1.00  63.71  -1.00  -1.00  -1.00  59.71  -1.00  -1.00  -1.00  -1.00  -1.00  -1.00  -1.00  -1.00  -1.00  -1.00  -1.00  -1.00  -1.00  -1.00  -1.00  -1.00  -1.00  -1.00 
From state2:  -1.00  47.34  -1.00  81.90  -1.00  -1.00  -1.00  66.34  -1.00  -1.00  -1.00  -1.00  -1.00  -1.00  -1.00  -1.00  -1.00  -1.00  -1.00  -1.00  -1.00  -1.00  -1.00  -1.00  -1.00 
From state3:  -1.00  -1.00  63.71  -1.00  91.00  -1.00  -1.00  -1.00  73.71  -1.00  -1.00  -1.00  -1.00  -1.00  -1.00  -1.00  -1.00  -1.00  -1.00  -1.00  -1.00  -1.00  -1.00  -1.00  -1.00 
From state4:  -1.00  -1.00  -1.00  -1.00  -1.00  -1.00  -1.00  -1.00  -1.00  -1.00  -1.00  -1.00  -1.00  -1.00  -1.00  -1.00  -1.00  -1.00  -1.00  -1.00  -1.00  -1.00  -1.00  -1.00  -1.00 
From state5:  48.36  -1.00  -1.00  -1.00  -1.00  -1.00  59.71  -1.00  -1.00  -1.00  48.36  -1.00  -1.00  -1.00  -1.00  -1.00  -1.00  -1.00  -1.00  -1.00  -1.00  -1.00  -1.00  -1.00  -1.00 
From state6:  -1.00  47.34  -1.00  -1.00  -1.00  53.73  -1.00  66.34  -1.00  -1.00  -1.00  53.73  -1.00  -1.00  -1.00  -1.00  -1.00  -1.00  -1.00  -1.00  -1.00  -1.00  -1.00  -1.00  -1.00 
From state7:  -1.00  -1.00  63.71  -1.00  -1.00  -1.00  59.71  -1.00  73.71  -1.00  -1.00  -1.00  59.71  -1.00  -1.00  -1.00  -1.00  -1.00  -1.00  -1.00  -1.00  -1.00  -1.00  -1.00  -1.00 
From state8:  -1.00  -1.00  -1.00  81.90  -1.00  -1.00  -1.00  66.34  -1.00  81.90  -1.00  -1.00  -1.00  66.34  -1.00  -1.00  -1.00  -1.00  -1.00  -1.00  -1.00  -1.00  -1.00  -1.00  -1.00 
From state9:  -1.00  -1.00  -1.00  -1.00  91.00  -1.00  -1.00  -1.00  73.71  -1.00  -1.00  -1.00  -1.00  -1.00  63.71  -1.00  -1.00  -1.00  -1.00  -1.00  -1.00  -1.00  -1.00  -1.00  -1.00 
From state10:  -1.00  -1.00  -1.00  -1.00  -1.00  53.73  -1.00  -1.00  -1.00  -1.00  -1.00  53.73  -1.00  -1.00  -1.00  43.53  -1.00  -1.00  -1.00  -1.00  -1.00  -1.00  -1.00  -1.00  -1.00 
From state11:  -1.00  -1.00  -1.00  -1.00  -1.00  -1.00  59.71  -1.00  -1.00  -1.00  48.36  -1.00  59.71  -1.00  -1.00  -1.00  48.36  -1.00  -1.00  -1.00  -1.00  -1.00  -1.00  -1.00  -1.00 
From state12:  -1.00  -1.00  -1.00  -1.00  -1.00  -1.00  -1.00  66.34  -1.00  -1.00  -1.00  53.73  -1.00  66.34  -1.00  -1.00  -1.00  53.73  -1.00  -1.00  -1.00  -1.00  -1.00  -1.00  -1.00 
From state13:  -1.00  -1.00  -1.00  -1.00  -1.00  -1.00  -1.00  -1.00  73.71  -1.00  -1.00  -1.00  59.71  -1.00  63.71  -1.00  -1.00  -1.00  59.71  -1.00  -1.00  -1.00  -1.00  -1.00  -1.00 
From state14:  -1.00  -1.00  -1.00  -1.00  -1.00  -1.00  -1.00  -1.00  -1.00  81.90  -1.00  -1.00  -1.00  66.34  -1.00  -1.00  -1.00  -1.00  -1.00  47.34  -1.00  -1.00  -1.00  -1.00  -1.00 
From state15:  -1.00  -1.00  -1.00  -1.00  -1.00  -1.00  -1.00  -1.00  -1.00  -1.00  48.36  -1.00  -1.00  -1.00  -1.00  -1.00  48.36  -1.00  -1.00  -1.00  29.17  -1.00  -1.00  -1.00  -1.00 
From state16:  -1.00  -1.00  -1.00  -1.00  -1.00  -1.00  -1.00  -1.00  -1.00  -1.00  -1.00  53.73  -1.00  -1.00  -1.00  43.53  -1.00  53.73  -1.00  -1.00  -1.00  43.53  -1.00  -1.00  -1.00 
From state17:  -1.00  -1.00  -1.00  -1.00  -1.00  -1.00  -1.00  -1.00  -1.00  -1.00  -1.00  -1.00  59.71  -1.00  -1.00  -1.00  48.36  -1.00  59.71  -1.00  -1.00  -1.00  48.36  -1.00  -1.00 
From state18:  -1.00  -1.00  -1.00  -1.00  -1.00  -1.00  -1.00  -1.00  -1.00  -1.00  -1.00  -1.00  -1.00  66.34  -1.00  -1.00  -1.00  53.73  -1.00  47.34  -1.00  -1.00  -1.00  53.73  -1.00 
From state19:  -1.00  -1.00  -1.00  -1.00  -1.00  -1.00  -1.00  -1.00  -1.00  -1.00  -1.00  -1.00  -1.00  -1.00  63.71  -1.00  -1.00  -1.00  59.71  -1.00  -1.00  -1.00  -1.00  -1.00  48.36 
From state20:  -1.00  -1.00  -1.00  -1.00  -1.00  -1.00  -1.00  -1.00  -1.00  -1.00  -1.00  -1.00  -1.00  -1.00  -1.00  43.53  -1.00  -1.00  -1.00  -1.00  -1.00  43.53  -1.00  -1.00  -1.00 
From state21:  -1.00  -1.00  -1.00  -1.00  -1.00  -1.00  -1.00  -1.00  -1.00  -1.00  -1.00  -1.00  -1.00  -1.00  -1.00  -1.00  48.36  -1.00  -1.00  -1.00  29.17  -1.00  48.36  -1.00  -1.00 
From state22:  -1.00  -1.00  -1.00  -1.00  -1.00  -1.00  -1.00  -1.00  -1.00  -1.00  -1.00  -1.00  -1.00  -1.00  -1.00  -1.00  -1.00  53.73  -1.00  -1.00  -1.00  43.53  -1.00  53.73  -1.00 
From state23:  -1.00  -1.00  -1.00  -1.00  -1.00  -1.00  -1.00  -1.00  -1.00  -1.00  -1.00  -1.00  -1.00  -1.00  -1.00  -1.00  -1.00  -1.00  59.71  -1.00  -1.00  -1.00  48.36  -1.00  48.36 
From state24:  -1.00  -1.00  -1.00  -1.00  -1.00  -1.00  -1.00  -1.00  -1.00  -1.00  -1.00  -1.00  -1.00  -1.00  -1.00  -1.00  -1.00  -1.00  -1.00  47.34  -1.00  -1.00  -1.00  53.73  -1.00 
